fx: 642.75 #1.361945190429687500e+03
fy: 638.27 #1.361130371093750000e+03
cx: 641.69 #9.635921630859375000e+02
cy: 361.89 #5.339596557617187500e+02
w: 1280 #1920
h: 720 #1080

